adjfunc 2 14 5 900 1100 6 1025 1075 1925 1975 1 10 200
adjfunc 3 18 5 900 1100 6 1100 1150 1850 1900 1 10 200
adjfunc 4 22 5 900 1100 6 1175 1225 1775 1825 1 10 200
adjfunc 5 49 5 900 1100 6 1250 1300 1700 1750 1 10 200
adjfunc 6 27 5 900 1100 6 1325 1375 1625 1675 1 10 200
adjfunc 7 26 5 900 1100 6 1400 1450 1550 1600 1 10 200
adjfunc 8 15 5 1100 1300 6 1025 1075 1925 1975 1 10 200
adjfunc 9 19 5 1100 1300 6 1100 1150 1850 1900 1 10 200
adjfunc 10 23 5 1100 1300 6 1175 1225 1775 1825 1 10 200
adjfunc 11 50 5 1100 1300 6 1250 1300 1700 1750 1 10 200
adjfunc 12 28 5 1100 1300 6 1325 1375 1625 1675 1 10 200
adjfunc 13 29 5 1100 1300 6 1400 1450 1550 1600 1 10 200
adjfunc 14 16 5 1300 1400 6 1025 1075 1925 1975 1 10 200
adjfunc 15 20 5 1300 1400 6 1100 1150 1850 1900 1 10 200
adjfunc 16 24 5 1300 1400 6 1175 1225 1775 1825 1 10 200
adjfunc 17 51 5 1300 1400 6 1250 1300 1700 1750 1 10 200
adjfunc 18 39 5 1300 1400 6 1325 1375 1625 1675 1 10 200
adjfunc 19 40 5 1300 1400 6 1400 1450 1550 1600 1 10 200
adjfunc 20 17 5 1550 1700 6 1025 1075 1925 1975 1 10 200
adjfunc 21 21 5 1550 1700 6 1100 1150 1850 1900 1 10 200
adjfunc 22 25 5 1550 1700 6 1175 1225 1775 1825 1 10 200
adjfunc 23 52 5 1550 1700 6 1250 1300 1700 1750 1 10 200
adjfunc 24 59 5 1750 1900 6 1025 1075 1925 1975 1 10 200
adjfunc 25 60 5 1750 1900 6 1100 1150 1850 1900 1 10 200
adjfunc 26 54 5 1750 1900 6 1175 1225 1775 1825 1 10 200
adjfunc 27 55 5 1750 1900 6 1250 1300 1700 1750 1 10 200
adjfunc 28 56 5 1950 2100 6 1025 1075 1925 1975 1 10 200
adjfunc 29 57 5 1950 2100 6 1100 1150 1850 1900 1 10 200
adjfunc 30 58 5 1950 2100 6 1175 1225 1775 1825 1 10 200
adjfunc 31 48 5 1950 2100 6 1250 1300 1700 1750 1 10 200